47856645
47856646
47856647
47856648
47856649
47856650
47856651
47856652
47856653
47856654
47856655
47856656
47856657
47856658
47856659
47856660
47856661
47856662
47856663
47856664
47856665
47856666
47856667
47856668
47856669
47856670
47856671
47856672
47856673
47856674
47856675
47856676
47856677
47856678
47856679
47856680
47856681
47856682
47856683
47856684
47856685
47856686
47856687
47856688
47856689
47856690
47856691
47856692
47856693
47856694
47856695
47856696
47856697
47856698
47856699
47856700
47856701
47856702
47856703
47856704
47856705
47856706
47856707
47856708
47856709
47856710
47856711
47856712
47856713
47856714
47856715
47856716
47856717
47856718
47856719
47856720
47856721
47856722
47856723
47856724
47856725
47856726
47856727
47856728
47856729
47856730
47856731
47856732
47856733
47856734
47856735
47856736
47856737
47856738
47856739
47856740
47856741
47856742
47856743
47856744
47856745
47856746
47856747
47856748
47856749
47856750
47856751
47856752
47856753
47856754
47856755
47856756
47856757
47856758
47856759
47856760
47856761
47856762
47856763
47856764
47856765
47856766
47856767
47856768
47856769
47856770
47856771
47856772
47856773
47856774
47856775
47856776
47856777
47856778
47856779
47856780
47856781
47856782
47856783
47856784
47856785
47856786
47856787
47856788
47856789
47856790
47856791
47856792
47856793
47856794
47856795
47856796
47856797
47856798
47856799
47856800
47856801
47856802
47856803
47856804
47856805
47856806
47856807
47856808
47856809
47856810
47856811
47856812
47856813
47856814
47856815
47856816
47856817
47856818
47856819
47856820
47856821
47856822
47856823
47856824
47856825
47856826
47856827
47856828
47856829
47856830
47856831
47856832
47856833
47856834
47856835
47856836
47856837
47856838
47856839
47856840
47856841
47856842
47856843
47856844
47856845
47856846
47856847
47856848
47856849
47856850
47856851
47856852
47856853
47856854
47856855
47856856
47856857
47856858
47856859
47856860
47856861
47856862
47856863
47856864
47856865
47856866
47856867
47856868
47856869
47856870
47856871
47856872
47856873
47856874
47856875
47856876
47856877
47856878
47856879
47856880
47856881
47856882
47856883
47856884
47856885
47856886
47856887
47856888
47856889
47856890
47856891
47856892
47856893
47856894
47856895
47856896
47856897
47856898
47856899
47856900
47856901
47856902
47856903
47856904
47856905
47856906
47856907
47856908
47856909
47856910
47856911
47856912
47856913
47856914
47856915
47856916
47856917
47856918
47856919
47856920
47856921
47856922
47856923
47856924
47856925
47856926
47856927
47856928
47856929
47856930
47856931
47856932
47856933
47856934
47856935
47856936
47856937
47856938
47856939
47856940
47856941
47856942
47856943
47856944
47856945
47856946
47856947
47856948
47856949
47856950
47856951
47856952
47856953
47856954
47856955
47856956
47856957
47856958
47856959
47856960
47856961
47856962
47856963
47856964
47856965
47856966
47856967
47856968
47856969
47856970
47856971
47856972
47856973
47856974
47856975
47856976
47856977
47856978
47856979
47856980
47856981
47856982
47856983
47856984
47856985
47856986
47856987
47856988
47856989
47856990
47856991
47856992
47856993
47856994
47856995
47856996
47856997
47856998
47856999
47857000
47857001
47857002
47857003
47857004
47857005
47857006
47857007
47857008
47857009
47857010
47857011
47857012
47857013
47857014
47857015
47857016
47857017
47857018
47857019
47857020
47857021
47857022
47857023
47857024
47857025
47857026
47857027
47857028
47857029
47857030
47857031
47857032
47857033
47857034
47857035
47857036
47857037
47857038
47857039
47857040
47857041
47857042
47857043
47857044
47857045
47857046
47857047
47857048
47857049
47857050
47857051
47857052
47857053
47857054
47857055
47857056
47857057
47857058
47857059
47857060
47857061
47857062
47857063
47857064
47857065
47857066
47857067
47857068
47857069
47857070
47857071
47857072
47857073
47857074
47857075
47857076
47857077
47857078
47857079
47857080
47857081
47857082
47857083
47857084
47857085
47857086
47857087
47857088
47857089
47857090
47857091
47857092
47857093
47857094
47857095
47857096
47857097
47857098
47857099
47857100
47857101
47857102
47857103
47857104
47857105
47857106
47857107
47857108
47857109
47857110
47857111
47857112
47857113
47857114
47857115
47857116
47857117
47857118
47857119
47857120
47857121
47857122
47857123
47857124
47857125
47857126
47857127
47857128
47857129
47857130
47857131
47857132
47857133
47857134
47857135
47857136
47857137
47857138
47857139
47857140
47857141
47857142
47857143
47857144
47857145
47857146
47857147
47857148
47857149
47857150
47857151
47857152
47857153
47857154
47857155
47857156
47857157
47857158
47857159
47857160
47857161
47857162
47857163
47857164
47857165
47857166
47857167
47857168
47857169
47857170
47857171
47857172
47857173
47857174
47857175
47857176
47857177
47857178
47857179
47857180
47857181
47857182
47857183
47857184
47857185
47857186
47857187
47857188
47857189
47857190
47857191
47857192
47857193
47857194
47857195
47857196
47857197
47857198
47857199
47857200
47857201
47857202
47857203
47857204
47857205
47857206
47857207
47857208
47857209
47857210
47857211
47857212
47857213
47857214
47857215
47857216
47857217
47857218
47857219
47857220
47857221
47857222
47857223
47857224
47857225
47857226
47857227
47857228
47857229
47857230
47857231
47857232
47857233
47857234
47857235
47857236
47857237
47857238
47857239
47857240
47857241
47857242
47857243
47857244
47857245
47857246
47857247
47857248
47857249
47857250
47857251
47857252
47857253
47857254
47857255
47857256
47857257
47857258
47857259
47857260
47857261
47857262
47857263
47857264
47857265
47857266
47857267
47857268
47857269
47857270
47857271
47857272
47857273
47857274
47857275
47857276
47857277
47857278
47857279
47857280
47857281
47857282
47857283
47857284
47857285
47857286
47857287
47857288
47857289
47857290
47857291
47857292
47857293
47857294
47857295
47857296
47857297
47857298
47857299
47857300
47857301
47857302
47857303
47857304
47857305
47857306
47857307
47857308
47857309
47857310
47857311
47857312
47857313
47857314
47857315
47857316
47857317
47857318
47857319
47857320
47857321
47857322
47857323
47857324
47857325
47857326
47857327
47857328
47857329
47857330
47857331
47857332
47857333
47857334
47857335
47857336
47857337
47857338
47857339
47857340
47857341
47857342
47857343
47857344
47857345
47857346
47857347
47857348
47857349
47857350
47857351
47857352
47857353
47857354
47857355
47857356
47857357
47857358
47857359
47857360
47857361
47857362
47857363
47857364
47857365
47857366
47857367
47857368
47857369
47857370
47857371
47857372
47857373
47857374
47857375
47857376
47857377
47857378
47857379
47857380
47857381
47857382
47857383
47857384
47857385
47857386
47857387
47857388
47857389
47857390
47857391
47857392
47857393
47857394
47857395
47857396
47857397
47857398
47857399
47857400
47857401
47857402
47857403
47857404
47857405
47857406
47857407
47857408
47857409
47857410
47857411
47857412
47857413
47857414
47857415
47857416
47857417
47857418
47857419
47857420
47857421
47857422
47857423
47857424
47857425
47857426
47857427
47857428
47857429
47857430
47857431
47857432
47857433
47857434
47857435
47857436
47857437
47857438
47857439
47857440
47857441
47857442
47857443
47857444
47857445
47857446
47857447
47857448
47857449
47857450
47857451
47857452
47857453
47857454
47857455
47857456
47857457
47857458
47857459
47857460
47857461
47857462
47857463
47857464
47857465
47857466
47857467
47857468
47857469
47857470
47857471
47857472
47857473
47857474
47857475
47857476
47857477
47857478
47857479
47857480
47857481
47857482
47857483
47857484
47857485
47857486
47857487
47857488
47857489
47857490
47857491
47857492
47857493
47857494
47857495
47857496
47857497
47857498
47857499
47857500
47857501
47857502
47857503
47857504
47857505
47857506
47857507
47857508
47857509
47857510
47857511
47857512
47857513
47857514
47857515
47857516
47857517
47857518
47857519
47857520
47857521
47857522
47857523
47857524
47857525
47857526
47857527
47857528
47857529
47857530
47857531
47857532
47857533
47857534
47857535
47857536
47857537
47857538
47857539
47857540
47857541
47857542
47857543
47857544
47857545
47857546
47857547
47857548
47857549
47857550
47857551
47857552
47857553
47857554
47857555
47857556
47857557
47857558
47857559
47857560
47857561
47857562
47857563
47857564
47857565
47857566
47857567
47857568
47857569
47857570
47857571
47857572
47857573
47857574
47857575
47857576
47857577
47857578
47857579
47857580
47857581
47857582
47857583
47857584
47857585
47857586
47857587
47857588
47857589
47857590
47857591
47857592
47857593
47857594
47857595
47857596
47857597
47857598
47857599
47857600
47857601
47857602
47857603
47857604
47857605
47857606
47857607
47857608
47857609
47857610
47857611
47857612
47857613
47857614
47857615
47857616
47857617
47857618
47857619
47857620
47857621
47857622
47857623
47857624
47857625
47857626
47857627
47857628
47857629
47857630
47857631
47857632
47857633
47857634
47857635
47857636
47857637
47857638
47857639
47857640
47857641
47857642
47857643
47857644
47857645
47857646
47857647
47857648
47857649
47857650
47857651
47857652
47857653
47857654
47857655
47857656
47857657
47857658
47857659
47857660
47857661
47857662
47857663
47857664
47857665
47857666
47857667
47857668
47857669
47857670
47857671
47857672
47857673
47857674
47857675
47857676
47857677
47857678
47857679
47857680
47857681
47857682
47857683
47857684
47857685
47857686
47857687
47857688
47857689
47857690
47857691
47857692
47857693
47857694
47857695
47857696
47857697
47857698
47857699
47857700
47857701
47857702
47857703
47857704
47857705
47857706
47857707
47857708
47857709
47857710
47857711
47857712
47857713
47857714
47857715
47857716
47857717
47857718
47857719
47857720
47857721
47857722
47857723
47857724
47857725
47857726
47857727
47857728
47857729
47857730
47857731
47857732
47857733
47857734
47857735
47857736
47857737
47857738
47857739
47857740
47857741
47857742
47857743
47857744
47857745
47857746
47857747
47857748
47857749
47857750
47857751
47857752
47857753
47857754
47857755
47857756
47857757
47857758
47857759
47857760
47857761
47857762
47857763
47857764
47857765
47857766
47857767
47857768
47857769
47857770
47857771
47857772
47857773
47857774
47857775
47857776
47857777
47857778
47857779
47857780
47857781
47857782
47857783
47857784
47857785
47857786
47857787
47857788
47857789
47857790
47857791
47857792
47857793
47857794
47857795
47857796
47857797
47857798
47857799
47857800
47857801
47857802
47857803
47857804
47857805
47857806
47857807
47857808
47857809
47857810
47857811
47857812
47857813
47857814
47857815
47857816
47857817
47857818
47857819
47857820
47857821
47857822
47857823
47857824
47857825
47857826
47857827
47857828
47857829
47857830
47857831
47857832
47857833
47857834
47857835
47857836
47857837
47857838
47857839
47857840
47857841
47857842
47857843
47857844
47857845
47857846
47857847
47857848
47857849
47857850
47857851
47857852
47857853
47857854
47857855
47857856
47857857
47857858
47857859
47857860
47857861
47857862
47857863
47857864
47857865
47857866
47857867
47857868
47857869
47857870
47857871
47857872
47857873
47857874
47857875
47857876
47857877
47857878
47857879
47857880
47857881
47857882
47857883
47857884
47857885
47857886
47857887
47857888
47857889
47857890
47857891
47857892
47857893
47857894
47857895
47857896
47857897
47857898
47857899
47857900
47857901
47857902
47857903
47857904
47857905
47857906
47857907
47857908
47857909
47857910
47857911
47857912
47857913
47857914
47857915
47857916
47857917
47857918
47857919
47857920
47857921
47857922
47857923
47857924
47857925
47857926
47857927
47857928
47857929
47857930
47857931
47857932
47857933
47857934
47857935
47857936
47857937
47857938
47857939
47857940
47857941
47857942
47857943
47857944
47857945
47857946
47857947
47857948
47857949
47857950
47857951
47857952
47857953
47857954
47857955
47857956
47857957
47857958
47857959
47857960
47857961
47857962
47857963
47857964
47857965
47857966
47857967
47857968
47857969
47857970
47857971
47857972
47857973
47857974
47857975
47857976
47857977
47857978
47857979
47857980
47857981
47857982
47857983
47857984
47857985
47857986
47857987
47857988
47857989
47857990
47857991
47857992
47857993
47857994
47857995
47857996
47857997
47857998
47857999
47858000
47858001
47858002
47858003
47858004
47858005
47858006
47858007
47858008
47858009
47858010
47858011
47858012
47858013
47858014
47858015
47858016
47858017
47858018
47858019
47858020
47858021
47858022
47858023
47858024
47858025
47858026
47858027
47858028
47858029
47858030
47858031
47858032
47858033
47858034
47858035
47858036
47858037
47858038
47858039
47858040
47858041
47858042
47858043
47858044
47858045
47858046
47858047
47858048
47858049
47858050
47858051
47858052
47858053
47858054
47858055
47858056
47858057
47858058
47858059
47858060
47858061
47858062
47858063
47858064
47858065
47858066
47858067
47858068
47858069
47858070
47858071
47858072
47858073
47858074
47858075
47858076
47858077
47858078
47858079
47858080
47858081
47858082
47858083
47858084
47858085
47858086
47858087
47858088
47858089
47858090
47858091
47858092
47858093
47858094
47858095
47858096
47858097
47858098
47858099
47858100
47858101
47858102
47858103
47858104
47858105
47858106
47858107
47858108
47858109
47858110
47858111
47858112
47858113
47858114
47858115
47858116
47858117
47858118
47858119
47858120
47858121
47858122
47858123
47858124
47858125
47858126
47858127
47858128
47858129
47858130
47858131
47858132
47858133
47858134
47858135
47858136
47858137
47858138
47858139
47858140
47858141
47858142
47858143
47858144
47858145
47858146
47858147
47858148
47858149
47858150
47858151
47858152
47858153
47858154
47858155
47858156
47858157
47858158
47858159
47858160
47858161
47858162
47858163
47858164
47858165
47858166
47858167
47858168
47858169
47858170
47858171
47858172
47858173
47858174
47858175
47858176
47858177
47858178
47858179
47858180
47858181
47858182
47858183
47858184
47858185
47858186
47858187
47858188
47858189
47858190
47858191
47858192
47858193
47858194
47858195
47858196
47858197
47858198
47858199
47858200
47858201
47858202
47858203
47858204
47858205
47858206
47858207
47858208
47858209
47858210
47858211
47858212
47858213
47858214
47858215
47858216
47858217
47858218
47858219
47858220
47858221
47858222
47858223
47858224
47858225
47858226
47858227
47858228
47858229
47858230
47858231
47858232
47858233
47858234
47858235
47858236
47858237
47858238
47858239
47858240
47858241
47858242
47858243
47858244
47858245
47858246
47858247
47858248
47858249
47858250
47858251
47858252
47858253
47858254
47858255
47858256
47858257
47858258
47858259
47858260
47858261
47858262
47858263
47858264
47858265
47858266
47858267
47858268
47858269
47858270
47858271
47858272
47858273
47858274
47858275
47858276
47858277
47858278
47858279
47858280
47858281
47858282
47858283
47858284
47858285
47858286
47858287
47858288
47858289
47858290
47858291
47858292
47858293
47858294
47858295
47858296
47858297
47858298
47858299
47858300
47858301
47858302
47858303
47858304
47858305
47858306
47858307
47858308
47858309
47858310
47858311
47858312
47858313
47858314
47858315
47858316
47858317
47858318
47858319
47858320
47858321
47858322
47858323
47858324
47858325
47858326
47858327
47858328
47858329
47858330
47858331
47858332
47858333
47858334
47858335
47858336
47858337
47858338
47858339
47858340
47858341
47858342
47858343
47858344
47858345
47858346
47858347
47858348
47858349
47858350
47858351
47858352
47858353
47858354
47858355
47858356
47858357
47858358
47858359
47858360
47858361
47858362
47858363
47858364
47858365
47858366
47858367
47858368
47858369
47858370
47858371
47858372
47858373
47858374
47858375
47858376
47858377
47858378
47858379
47858380
47858381
47858382
47858383
47858384
47858385
47858386
47858387
47858388
47858389
47858390
47858391
47858392
47858393
47858394
47858395
47858396
47858397
47858398
47858399
47858400
47858401
47858402
47858403
47858404
47858405
47858406
47858407
47858408
47858409
47858410
47858411
47858412
47858413
47858414
47858415
47858416
47858417
47858418
47858419
47858420
47858421
47858422
47858423
47858424
47858425
47858426
47858427
47858428
47858429
47858430
47858431
47858432
47858433
47858434
47858435
47858436
47858437
47858438
47858439
47858440
47858441
47858442
47858443
47858444
47858445
47858446
47858447
47858448
47858449
47858450
47858451
47858452
47858453
47858454
47858455
47858456
47858457
47858458
47858459
47858460
47858461
47858462
47858463
47858464
47858465
47858466
47858467
47858468
47858469
47858470
47858471
47858472
47858473
47858474
47858475
47858476
47858477
47858478
47858479
47858480
47858481
47858482
47858483
47858484
47858485
47858486
47858487
47858488
47858489
47858490
47858491
47858492
47858493
47858494
47858495
47858496
47858497
47858498
47858499
47858500
47858501
47858502
47858503
47858504
47858505
47858506
47858507
47858508
47858509
47858510
47858511
47858512
47858513
47858514
47858515
47858516
47858517
47858518
47858519
47858520
47858521
47858522
47858523
47858524
47858525
47858526
47858527
47858528
47858529
47858530
47858531
47858532
47858533
47858534
47858535
47858536
47858537
47858538
47858539
47858540
47858541
47858542
47858543
47858544
47858545
47858546
47858547
47858548
47858549
47858550
47858551
47858552
47858553
47858554
47858555
47858556
47858557
47858558
47858559
47858560
47858561
47858562
47858563
47858564
47858565
47858566
47858567
47858568
47858569
47858570
47858571
47858572
47858573
47858574
47858575
47858576
47858577
47858578
47858579
47858580
47858581
47858582
47858583
47858584
47858585
47858586
47858587
47858588
47858589
47858590
47858591
47858592
47858593
47858594
47858595
47858596
47858597
47858598
47858599
47858600
47858601
47858602
47858603
47858604
47858605
47858606
47858607
47858608
47858609
47858610
47858611
47858612
47858613
47858614
47858615
47858616
47858617
47858618
47858619
47858620
47858621
47858622
47858623
47858624
47858625
47858626
47858627
47858628
47858629
47858630
47858631
47858632
47858633
47858634
47858635
47858636
47858637
47858638
47858639
47858640
47858641
47858642
47858643
47858644
47858645
47858646
47858647
47858648
47858649
47858650
47858651
47858652
47858653
47858654
47858655
47858656
47858657
47858658
47858659
47858660
47858661
47858662
47858663
47858664
47858665
47858666
47858667
47858668
47858669
47858670
47858671
47858672
47858673
47858674
47858675
47858676
47858677
47858678
47858679
47858680
47858681
47858682
47858683
47858684
47858685
47858686
47858687
47858688
47858689
47858690
47858691
47858692
47858693
47858694
47858695
47858696
47858697
47858698
47858699
47858700
47858701
47858702
47858703
47858704
47858705
47858706
47858707
47858708
47858709
47858710
47858711
47858712
47858713
47858714
47858715
47858716
47858717
47858718
47858719
47858720
47858721
47858722
47858723
47858724
47858725
47858726
47858727
47858728
47858729
47858730
47858731
47858732
47858733
47858734
47858735
47858736
47858737
47858738
47858739
47858740
47858741
47858742
47858743
47858744
47858745
47858746
47858747
47858748
47858749
47858750
47858751
47858752
47858753
47858754
47858755
47858756
47858757
47858758
47858759
47858760
47858761
47858762
47858763
47858764
47858765
47858766
47858767
47858768
47858769
47858770
47858771
47858772
47858773
47858774
47858775
47858776
47858777
47858778
47858779
47858780
47858781
47858782
47858783
47858784
47858785
47858786
47858787
47858788
47858789
47858790
47858791
47858792
47858793
47858794
47858795
47858796
47858797
47858798
47858799
47858800
47858801
47858802
47858803
47858804
47858805
47858806
47858807
47858808
47858809
47858810
47858811
47858812
47858813
47858814
47858815
47858816
47858817
47858818
47858819
47858820
47858821
47858822
47858823
47858824
47858825
47858826
47858827
47858828
47858829
47858830
47858831
47858832
47858833
47858834
47858835
47858836
47858837
47858838
47858839
47858840
47858841
47858842
47858843
47858844
47858845
47858846
47858847
47858848
47858849
47858850
47858851
47858852
47858853
47858854
47858855
47858856
47858857
47858858
47858859
47858860
47858861
47858862
47858863
47858864
47858865
47858866
47858867
47858868
47858869
47858870
47858871
47858872
47858873
47858874
47858875
47858876
47858877
47858878
47858879
47858880
47858881
47858882
47858883
47858884
47858885
47858886
47858887
47858888
47858889
47858890
47858891
47858892
47858893
47858894
47858895
47858896
47858897
47858898
47858899
47858900
47858901
47858902
47858903
47858904
47858905
47858906
47858907
47858908
47858909
47858910
47858911
47858912
47858913
47858914
47858915
47858916
47858917
47858918
47858919
47858920
47858921
47858922
47858923
47858924
47858925
47858926
47858927
47858928
47858929
47858930
47858931
47858932
47858933
47858934
47858935
47858936
47858937
47858938
47858939
47858940
47858941
47858942
47858943
47858944
47858945
47858946
47858947
47858948
47858949
47858950
47858951
47858952
47858953
47858954
47858955
47858956
47858957
47858958
47858959
47858960
47858961
47858962
47858963
47858964
47858965
47858966
47858967
47858968
47858969
47858970
47858971
47858972
47858973
47858974
47858975
47858976
47858977
47858978
47858979
47858980
47858981
47858982
47858983
47858984
47858985
47858986
47858987
47858988
47858989
47858990
47858991
47858992
47858993
47858994
47858995
47858996